131760,
(31|-128),
127741,
(22|-118),
131350,
(22|-127),
134580,
(44|-135),
135375,
(37|-137),
132189,
(59|-129),
114140,
(55|-84),
113739,
(55|-83),
115753,
(64|-88),
114102,
(17|-84),
118502,
(6|-95),
115351,
(63|-87),
113702,
(18|-83),
116100,
(10|-89),
111318,
(40|-77),
121779,
(75|-103),
119702,
(3|-98),
129723,
(-1|-123),
113744,
(60|-83),
123708,
(-1|-108),
112103,
(23|-79),
132933,
(1|-131),
126514,
(-2|-115),
110912,
(35|-76),
118900,
(3|-96),
116158,
(68|-89),
114498,
(12|-85),
131327,
(-1|-127),
110907,
(30|-76),
117298,
(5|-92),
114551,
(65|-85),
112539,
(58|-80),
128518,
(-3|-120),
112137,
(57|-79),
124107,
(-3|-109),
131727,
(-2|-128),
110114,
(39|-74),
126512,
(-4|-115),
126557,
(41|-115),
125354,
(41|-112),
126559,
(43|-115),
127752,
(33|-118),
124952,
(40|-111),
128962,
(40|-121),
124550,
(39|-110),
126159,
(44|-114),
128964,
(42|-121),
128554,
(33|-120),
129760,
(36|-123),
129356,
(33|-122),
126947,
(30|-116),
123747,
(38|-108),
130160,
(35|-124),
130167,
(42|-124),
127365,
(47|-117),
126162,
(47|-114),
123752,
(43|-108),
122946,
(39|-106),
124140,
(30|-109),
128970,
(48|-121),
128950,
(28|-121),
131362,
(34|-127),
125362,
(49|-112),
124939,
(27|-111),
131765,
(36|-128),
125764,
(50|-113),
121742,
(38|-103),
132168,
(38|-129),
121745,
(41|-103),
131773,
(44|-128),
129373,
(50|-122),
122954,
(47|-106),
126167,
(52|-114),
127771,
(52|-118),
122135,
(30|-104),
121749,
(45|-103),
128974,
(52|-121),
123334,
(26|-107),
122152,
(47|-104),
132972,
(40|-131),
123760,
(51|-108),
121349,
(46|-102),
121349,
(46|-102),
132976,
(44|-131),
130952,
(25|-126),
120933,
(31|-101),
130578,
(52|-125),
133376,
(43|-132),
131779,
(50|-128),
132962,
(30|-131),
120139,
(39|-99),
132179,
(49|-129),
133770,
(36|-133),
120135,
(35|-99),
120931,
(29|-101),
131380,
(52|-127),
133778,
(44|-133),
132980,
(48|-131),
126536,
(20|-115),
124532,
(21|-110),
122930,
(23|-106),
119739,
(40|-98),
120548,
(47|-100),
130548,
(22|-125),
132181,
(51|-129),
122529,
(23|-105),
120130,
(30|-99),
134575,
(39|-135),
121756,
(52|-103),
119331,
(33|-97),
130181,
(56|-124),
130948,
(21|-126),
119342,
(44|-97),
119747,
(48|-98),
124930,
(18|-111),
126533,
(17|-115),
118535,
(39|-95),
126575,
(59|-115),
120955,
(53|-101),
125773,
(59|-113),
122525,
(19|-105),
121324,
(21|-102),
129741,
(17|-123),
125730,
(16|-113),
119324,
(26|-97),
132953,
(21|-131),
120153,
(53|-99),
124571,
(60|-110),
118946,
(49|-96),
123325,
(17|-107),
121723,
(19|-103),
117734,
(40|-93),
135770,
(31|-138),
118524,
(28|-95),
122123,
(18|-104),
134963,
(26|-136),
118124,
(29|-94),
124526,
(15|-110),
120557,
(56|-100),
133353,
(20|-132),
130943,
(16|-126),
134559,
(23|-135),
128583,
(62|-120),
131388,
(60|-127),
116929,
(37|-91),
126529,
(13|-115),
135765,
(26|-138),
117742,
(48|-93),
125727,
(13|-113),
128183,
(63|-119),
116926,
(34|-91),
125376,
(63|-112),
124925,
(13|-111),
132949,
(17|-131),
116923,
(31|-91),
129787,
(63|-123),
130941,
(14|-126),
130989,
(62|-126),
135763,
(24|-138),
116526,
(35|-90),
116534,
(43|-90),
116921,
(29|-91),
129335,
(12|-122),
116940,
(48|-91),
122970,
(63|-106),
123721,
(12|-108),
124977,
(65|-111),
122118,
(13|-104),
117345,
(52|-92),
116121,
(31|-89),
127785,
(66|-118),
128587,
(66|-120),
128932,
(10|-121),
122972,
(65|-106),
118956,
(59|-96),
119358,
(60|-97),
121768,
(64|-103),
132142,
(12|-129),
118114,
(19|-94),
115329,
(41|-87),
128187,
(67|-119),
120915,
(13|-101),
131740,
(11|-128),
114926,
(39|-86),
114922,
(35|-86),
116913,
(21|-91),
130535,
(9|-125),
132542,
(11|-130),
121368,
(65|-102),
114920,
(33|-86),
118556,
(60|-95),
115715,
(26|-88),
117350,
(57|-92),
124178,
(68|-109),
121770,
(66|-103),
120913,
(11|-101),
116143,
(53|-89),
130133,
(8|-124),
118511,
(15|-95),
128127,
(7|-119),
114527,
(41|-85),
136559,
(18|-140),
134951,
(14|-136),
118959,
(62|-96),
118911,
(14|-96),
115741,
(52|-88),
115338,
(50|-87),
122172,
(67|-104),
130935,
(8|-126),
116547,
(56|-90),
135754,
(15|-138),
136156,
(16|-139),
117352,
(59|-92),
116548,
(57|-90),
121370,
(67|-102),
124517,
(6|-110),
118157,
(62|-94),
115341,
(53|-87),
121772,
(68|-103),
121712,
(8|-103),
114130,
(45|-84),
131335,
(7|-127),
126922,
(5|-116),
128125,
(5|-119),
122977,
(70|-106),
124181,
(71|-109),
133341,
(8|-132),
118561,
(65|-95),
116954,
(62|-91),
119307,
(9|-97),
113328,
(45|-82),
122577,
(71|-105),
113733,
(49|-83),
132537,
(6|-130),
126920,
(3|-116),
136955,
(13|-141),
114944,
(57|-86),
135749,
(10|-138),
112913,
(31|-81),
120571,
(70|-100),
123782,
(73|-108),
127721,
(2|-118),
112521,
(40|-80),
128194,
(74|-119),
115750,
(61|-88),
112524,
(43|-80),
124986,
(74|-111),
134543,
(7|-135),
115348,
(60|-87),
113308,
(25|-82),
122579,
(73|-105),
122509,
(3|-105),
126918,
(1|-116),
126591,
(75|-115),
112528,
(47|-80),
130528,
(2|-125),
113306,
(23|-82),
119304,
(6|-97),
132133,
(3|-129),
115702,
(13|-88),
129725,
(1|-123),
117762,
(68|-93),
123784,
(75|-108),
131731,
(2|-128),
133738,
(4|-133),
111716,
(37|-78),
125790,
(76|-113),
136543,
(2|-140),
137346,
(3|-142),
133733,
(-1|-133),
130924,
(-3|-126),
132528,
(-3|-130),
132928,
(-4|-131),
134131,
(-4|-134),
128917,
(-5|-121),
135735,
(-4|-138),
128515,
(-6|-120),
137340,
(-3|-142),
131321,
(-7|-127),
129717,
(-7|-123),
132925,
(-7|-131),
126981,
(64|-116),
124507,
(-4|-110),
131720,
(-9|-128),
130116,
(-9|-124),
136133,
(-7|-139),
130917,
(-10|-126),
124905,
(-7|-111),
130516,
(-10|-125),
132120,
(-10|-129),
127709,
(-10|-118),
135328,
(-10|-137),
124102,
(-8|-109),
119298,
(0|-97),
120098,
(-2|-99),
122900,
(-7|-106),
126505,
(-11|-115),
118897,
(0|-96),
136530,
(-11|-140),
118896,
(-1|-96),
119296,
(-2|-97),
121697,
(-7|-103),
130913,
(-14|-126),
118493,
(-3|-95),
124899,
(-13|-111),
136929,
(-13|-141),
117293,
(0|-92),
123697,
(-12|-108),
136527,
(-14|-140),
115294,
(6|-87),
123379,
(71|-107),
122978,
(71|-106),
131790,
(61|-128),
128596,
(75|-120),
117366,
(73|-92),
118571,
(75|-95),
124991,
(79|-111),
120580,
(79|-100),
122185,
(80|-104),
114555,
(69|-85),
113750,
(66|-83),